Leap WebSocket JSON Viewer
Pause Pause on gesture
WebSocket connection open!
JSON Frame data:
{
  "currentFrameRate": 113.779,
  "devices": [],
  "gestures": [],
  "hands": [
    {
      "armBasis": [
        [
          0.803097,
          -0.595412,
          0.0227789
        ],
        [
          0.587832,
          0.797964,
          0.133069
        ],
        [
          -0.0974079,
          -0.0934775,
          0.990845
        ]
      ],
      "armWidth": 59,
      "confidence": 0.469011,
      "direction": [
        0.451091,
        0.547333,
        -0.704942
      ],
      "elbow": [
        -35.7069,
        198.284,
        283.692
      ],
      "grabStrength": 0.430748,
      "id": 1,
      "palmNormal": [
        -0.394933,
        -0.585908,
        -0.70763
      ],
      "palmPosition": [
        3.971,
        250.894,
        -2.43688
      ],
      "palmVelocity": [
        -26.7717,
        2.40778,
        29.1861
      ],
      "palmWidth": 84.25,
      "pinchStrength": 0.861117,
      "r": [
        [
          0.99538,
          -0.0939906,
          0.0196001
        ],
        [
          0.0851338,
          0.958398,
          0.272444
        ],
        [
          -0.0443919,
          -0.269516,
          0.961972
        ]
      ],
      "s": 1.37388,
      "sphereCenter": [
        1.22971,
        217.613,
        -50.2161
      ],
      "sphereRadius": 51.8989,
      "stabilizedPalmPosition": [
        4.19636,
        249.569,
        -5.12083
      ],
      "t": [
        -20.5499,
        -8.58434,
        -100.308
      ],
      "timeVisible": 0.702385,
      "type": "right",
      "wrist": [
        -11.355,
        221.653,
        35.9805
      ]
    }
  ],
  "id": 1309,
  "interactionBox": {
    "center": [
      0,
      200,
      0
    ],
    "size": [
      235.247,
      235.247,
      147.751
    ]
  },
  "pointables": [
    {
      "bases": [
        [
          [
            0.763316,
            0.390378,
            0.514737
          ],
          [
            -0.643535,
            0.529375,
            0.552834
          ],
          [
            -0.0566744,
            -0.753238,
            0.655302
          ]
        ],
        [
          [
            0.699609,
            0.699808,
            0.144278
          ],
          [
            -0.687801,
            0.604862,
            0.401338
          ],
          [
            0.193591,
            -0.380014,
            0.904495
          ]
        ],
        [
          [
            0.699609,
            0.699808,
            0.144278
          ],
          [
            -0.713072,
            0.696679,
            0.0785289
          ],
          [
            -0.0455605,
            -0.15782,
            0.986416
          ]
        ],
        [
          [
            0.699609,
            0.699808,
            0.144278
          ],
          [
            -0.671114,
            0.712878,
            -0.203499
          ],
          [
            -0.245263,
            0.0455424,
            0.968386
          ]
        ]
      ],
      "btipPosition": [
        -40.0542,
        251.394,
        -64.0648
      ],
      "carpPosition": [
        -37.8596,
        229.834,
        29.8671
      ],
      "dipPosition": [
        -45.3691,
        252.381,
        -43.0798
      ],
      "direction": [
        0.0455605,
        0.15782,
        -0.986416
      ],
      "extended": false,
      "handId": 1,
      "id": 10,
      "length": 48.2559,
      "mcpPosition": [
        -37.8596,
        229.834,
        29.8671
      ],
      "pipPosition": [
        -46.8074,
        247.399,
        -11.9387
      ],
      "stabilizedTipPosition": [
        -35.0265,
        242.41,
        -60.552
      ],
      "timeVisible": 0.702385,
      "tipPosition": [
        -39.8181,
        250.648,
        -59.0726
      ],
      "tipVelocity": [
        -92.2912,
        93.0092,
        26.0848
      ],
      "tool": false,
      "touchDistance": 0.333333,
      "touchZone": "hovering",
      "type": 0,
      "width": 18.75
    },
    {
      "bases": [
        [
          [
            0.864718,
            -0.497228,
            -0.0709062
          ],
          [
            0.436595,
            0.674349,
            0.595515
          ],
          [
            -0.248291,
            -0.545909,
            0.800209
          ]
        ],
        [
          [
            0.815457,
            -0.576231,
            0.05467
          ],
          [
            0.578748,
            0.810241,
            -0.0925229
          ],
          [
            0.00901869,
            0.107088,
            0.994209
          ]
        ],
        [
          [
            0.815457,
            -0.576231,
            0.05467
          ],
          [
            0.411556,
            0.510805,
            -0.754785
          ],
          [
            0.407005,
            0.637994,
            0.65369
          ]
        ],
        [
          [
            0.815457,
            -0.576231,
            0.05467
          ],
          [
            0.184542,
            0.169305,
            -0.968132
          ],
          [
            0.548612,
            0.799559,
            0.2444
          ]
        ]
      ],
      "btipPosition": [
        -21.4961,
        247.402,
        -76.5021
      ],
      "carpPosition": [
        -20.2632,
        241.402,
        36.0538
      ],
      "dipPosition": [
        -12.8171,
        260.051,
        -72.6357
      ],
      "direction": [
        -0.407005,
        -0.637994,
        -0.65369
      ],
      "extended": false,
      "handId": 1,
      "id": 11,
      "length": 54.4514,
      "mcpPosition": [
        -3.34959,
        278.59,
        -18.4565
      ],
      "pipPosition": [
        -3.70835,
        274.33,
        -58.0061
      ],
      "stabilizedTipPosition": [
        -18.9809,
        248.232,
        -75.2291
      ],
      "timeVisible": 0.702385,
      "tipPosition": [
        -19.6369,
        250.057,
        -74.1425
      ],
      "tipVelocity": [
        -28.2263,
        41.6481,
        -7.65733
      ],
      "tool": false,
      "touchDistance": 0.333333,
      "touchZone": "hovering",
      "type": 1,
      "width": 17.91
    },
    {
      "bases": [
        [
          [
            0.736039,
            -0.674037,
            -0.0626181
          ],
          [
            0.570943,
            0.56843,
            0.592378
          ],
          [
            -0.363691,
            -0.471764,
            0.803223
          ]
        ],
        [
          [
            0.737371,
            -0.672298,
            -0.0655712
          ],
          [
            0.672049,
            0.739935,
            -0.0290868
          ],
          [
            0.0680734,
            -0.0226193,
            0.997424
          ]
        ],
        [
          [
            0.737371,
            -0.672298,
            -0.0655712
          ],
          [
            0.47567,
            0.585718,
            -0.656257
          ],
          [
            0.479606,
            0.452715,
            0.751683
          ]
        ],
        [
          [
            0.737371,
            -0.672298,
            -0.0655712
          ],
          [
            0.231195,
            0.342393,
            -0.910668
          ],
          [
            0.634691,
            0.656341,
            0.407903
          ]
        ]
      ],
      "btipPosition": [
        -12.9022,
        245.3,
        -87.5363
      ],
      "carpPosition": [
        -9.68683,
        237.155,
        35.7562
      ],
      "dipPosition": [
        -1.85856,
        256.72,
        -80.4388
      ],
      "direction": [
        -0.479606,
        -0.452715,
        -0.751683
      ],
      "extended": false,
      "handId": 1,
      "id": 12,
      "length": 62.043,
      "mcpPosition": [
        13.8076,
        267.631,
        -16.132
      ],
      "pipPosition": [
        10.7695,
        268.64,
        -60.647
      ],
      "stabilizedTipPosition": [
        -10.3089,
        245.753,
        -84.9272
      ],
      "timeVisible": 0.702385,
      "tipPosition": [
        -10.8709,
        247.181,
        -84.2611
      ],
      "tipVelocity": [
        -2.98344,
        74.9765,
        -33.6697
      ],
      "tool": false,
      "touchDistance": 0.333333,
      "touchZone": "hovering",
      "type": 2,
      "width": 17.59
    },
    {
      "bases": [
        [
          [
            0.629348,
            -0.777034,
            0.0117887
          ],
          [
            0.610186,
            0.503492,
            0.611693
          ],
          [
            -0.481242,
            -0.377775,
            0.791007
          ]
        ],
        [
          [
            0.68775,
            -0.719902,
            -0.0934961
          ],
          [
            0.725899,
            0.683465,
            0.0771118
          ],
          [
            0.00838843,
            -0.120902,
            0.992629
          ]
        ],
        [
          [
            0.68775,
            -0.719902,
            -0.0934961
          ],
          [
            0.569012,
            0.61456,
            -0.546389
          ],
          [
            0.450806,
            0.322579,
            0.832296
          ]
        ],
        [
          [
            0.68775,
            -0.719902,
            -0.0934961
          ],
          [
            0.331374,
            0.425915,
            -0.841896
          ],
          [
            0.645903,
            0.548032,
            0.531479
          ]
        ]
      ],
      "btipPosition": [
        4.22456,
        239.515,
        -82.5553
      ],
      "carpPosition": [
        -0.603182,
        230.358,
        34.9311
      ],
      "dipPosition": [
        15.3987,
        248.996,
        -73.3607
      ],
      "direction": [
        -0.450806,
        -0.322579,
        -0.832296
      ],
      "extended": false,
      "handId": 1,
      "id": 13,
      "length": 59.656,
      "mcpPosition": [
        27.3089,
        252.268,
        -10.9473
      ],
      "pipPosition": [
        26.9618,
        257.27,
        -52.0123
      ],
      "stabilizedTipPosition": [
        6.28708,
        238.695,
        -79.2757
      ],
      "timeVisible": 0.702385,
      "tipPosition": [
        6.01911,
        240.55,
        -78.9317
      ],
      "tipVelocity": [
        10.0703,
        94.5103,
        -38.2856
      ],
      "tool": false,
      "touchDistance": 0.303928,
      "touchZone": "hovering",
      "type": 3,
      "width": 16.738
    },
    {
      "bases": [
        [
          [
            0.45989,
            -0.887974,
            0.00202736
          ],
          [
            0.655715,
            0.341139,
            0.673545
          ],
          [
            -0.598782,
            -0.308427,
            0.739143
          ]
        ],
        [
          [
            0.510333,
            -0.857709,
            -0.0624091
          ],
          [
            0.853687,
            0.496504,
            0.157171
          ],
          [
            -0.103821,
            -0.133488,
            0.985597
          ]
        ],
        [
          [
            0.510333,
            -0.857709,
            -0.0624091
          ],
          [
            0.629753,
            0.422147,
            -0.652076
          ],
          [
            0.585638,
            0.293474,
            0.75558
          ]
        ],
        [
          [
            0.510333,
            -0.857709,
            -0.0624091
          ],
          [
            0.219175,
            0.199896,
            -0.954989
          ],
          [
            0.831578,
            0.473684,
            0.290002
          ]
        ]
      ],
      "btipPosition": [
        16.1627,
        226.596,
        -58.1744
      ],
      "carpPosition": [
        4.49292,
        218.541,
        32.0906
      ],
      "dipPosition": [
        29.4347,
        234.156,
        -53.546
      ],
      "direction": [
        -0.585638,
        -0.293474,
        -0.75558
      ],
      "extended": false,
      "handId": 1,
      "id": 14,
      "length": 46.7692,
      "mcpPosition": [
        36.6415,
        235.101,
        -7.59398
      ],
      "pipPosition": [
        40.0406,
        239.471,
        -39.8624
      ],
      "stabilizedTipPosition": [
        16.0773,
        224.005,
        -51.7672
      ],
      "timeVisible": 0.702385,
      "tipPosition": [
        18.1488,
        227.633,
        -55.9085
      ],
      "tipVelocity": [
        15.7216,
        54.3713,
        -22.1221
      ],
      "tool": false,
      "touchDistance": 0.32047,
      "touchZone": "hovering",
      "type": 4,
      "width": 14.868
    }
  ],
  "r": [
    [
      0.99538,
      -0.0939906,
      0.0196001
    ],
    [
      0.0851338,
      0.958398,
      0.272444
    ],
    [
      -0.0443919,
      -0.269516,
      0.961972
    ]
  ],
  "s": 1.37388,
  "t": [
    -20.5499,
    -8.58434,
    -100.308
  ],
  "timestamp": 1516701441899432
}